gvkey
011259

064768


001690
007241
010903
019661
100737
help
007171

355385
104604
160709
031673
002410
012384

160329
203177
004503
017828

009899
029028
002547
269783
002751

259503
012141
267407

011264

015724
267461
006502
005680

002968

002131
063120
004839
005691
005073
145046
100555
024625
221616

007908

145552
320611
019744
243804


020530
003226






100435

015804

002991
014489
007647
003813
016603
006829
186989
003243
104607

274720
170617

009818
010920



024563
006266
005650
100346
015532

100131
222398


008007
005047

122594

006008
292783
027914
268456


007471

019113
015677

294309
014140
006066
293139


206457


008762

100590
008479
270615
025645

004598
133768






170841
006774
003980
001722

















015247








002285




143356



005606
010983






031521


114628





010247




012124


022260













020779








126136

007257





002184



127774




016101






028349







122575
001487






010793




013341


002403


008530

002817





144435














012142
165649




034443

001447



005046




007906




007985























001078










004016







008539
003144



001300





010530

007435
011672

062689



030990


184996





























179621
001773






















028195

112876




026156



063927





142953

013714
005568








031587
001602


004723



028787
147579




024856
156155




006730
011856



009155