gvkey


140756
019661
100737

334426
104604
160709
002410
012384
279378
203177
017828

269783

259503
267407

016331
015724
267461
288414

063120
005691
100555
024625
221616

007908
065662
320611
019744
243804

020530






100435

015804

016603
104607
206454
274720
023667
009818


142540
024563
005650
100346
015532

100131
222398

015509


292783
268456


007471

019113
015677

294309
014140
293139
318900
206457
254338


100590
270615
017436
267462

284408

243820
025648
260234

019349
260192
220942
015603
007114
207074

015545
287686
107225
208017
347194
254023
208011
100545
100158
101940
220426

272488

015598

010845
925263
275850
220833
252940
241501
204222
015782
225597
100688
273961


251303
324126
269556
282483
065248
146352
243868
243829
275108
015784
203666
249399
015659
014894
201260
246116
212777
295735
102296
104606
061616
201584
101310
210479
317057
296299
013683
249482
203024
104598
100080

220940
273240

272126
294932
241637
142248


269809
208175
019112
015779
220546
030747
100155


221614
323298
019565
163537


137066
101846
005180

101811
015929
063546
221682
210722
100609
013312
100894
101204
295951


272242

355999
316100
212782
016348
100332

209382
222186

103292
103176
101097
019043
320827
144496
202183
017830

279190



019579

015576
279449
100957

030580

228418
010137
011217
270738
324977
015933
272278
100966


252332
015181
327599
200935

267620

239398
012673
201066
100012
282327
231822

236025
101088

233320

203890
018467
272591

251352
295628
102240
030501
101846
302921
319832
100424



101642
028838

015319
270683
205162
100581
249738
348640
015617

223029
103487
258458

203215
015508
252015
019045
340153
251371
253738
213378
248136
271039
200576
100718
210418

101155
238616
002721
310396
294611
100302


010622
258176
101336
260654
030452
288153
287744


007652
278371
100369
345798
002411
260126

271755
100450
015444
019413
205343

163896
100037
100548
201171
282040
204049
017452

293282
213423
018466

245036
028272

203442

272365
205655


318847
317478
243090
329498

260196
030581
023671
259543
063477
259980
015549
101304
016281
250447
318920
024512