gvkey
011259
064768
001690
007241
010903
002176
007171
031673
160329
004503
009899
029028
002547
002751
012141
011264
006502
005680
002968
002131
004839
005073
145046
145552

003226
002991
014489
007647
003813
006829
186989
003243
170617
010920
006266
008007
005047
122594
006008
027914
006066

008762
008479
025645
004598
133768

170841
006774
003980
001722
015247
002285
143356
005606
010983
031521
114628
010247
012124
022260
020779
126136
007257
002184
127774
016101

028349
122575
001487
010793
013341
002403
030515
008530
002817

144435
012142
165649
034443
001447
005046
007906
007985


001078

004016
008539
003144
001300
010530
007435
011672
062689
030990
184996
179621
001773

028195
112876
026156
063927
142953
013714
005568
031587
001602
004723
028787
147579
024856
156155
006730
011856
009155